0 0.595567 0.317128 0.0215283 0.0349295
0 0.439167 0.439701 0.0271114 0.0430845
0 0.244617 0.432278 0.0256309 0.0404847
0 0.396339 0.435167 0.0270794 0.0416421
0 0.364946 0.507925 0.0269863 0.0449017
0 0.528121 0.329006 0.0218798 0.0344614
0 0.421376 0.368869 0.023114 0.0365382
0 0.566863 0.451662 0.0253161 0.0417448
0 0.696322 0.349215 0.0236184 0.0389461
0 0.617771 0.349855 0.0235267 0.0366621
0 0.629155 0.466546 0.028028 0.0465168
0 0.348503 0.427463 0.0272561 0.03931
0 0.566898 0.391555 0.0236663 0.0387093
0 0.485067 0.396473 0.0251337 0.0407591
0 0.604811 0.331074 0.0224218 0.0397386
0 0.992965 0.322244 0.0137569 0.067588
