0 0.455029 0.458272 0.0197041 0.0314184
0 0.440425 0.403757 0.0193705 0.0312539
0 0.488303 0.386212 0.0187845 0.0308299
0 0.528601 0.404545 0.0195168 0.0313646
0 0.408513 0.503081 0.0230155 0.0364023
0 0.518276 0.442253 0.0209547 0.031753
0 0.449531 0.498708 0.0213644 0.0342039
0 0.438975 0.558593 0.025854 0.0415853
0 0.358517 0.509078 0.0240867 0.0370058
0 0.261797 0.536771 0.0245222 0.0404303
0 0.378769 0.453331 0.0204013 0.0318565
0 0.559134 0.481366 0.0240421 0.0373791
0 0.613693 0.478963 0.0250399 0.0394842
0 0.586966 0.392609 0.0200071 0.0347794
