0 0.585938 0.461806 0.026562 0.040278
0 0.576172 0.375000 0.025781 0.030556
0 0.513281 0.384722 0.021875 0.030556
0 0.526563 0.464583 0.026562 0.040278
0 0.492188 0.421528 0.020313 0.034722
0 0.477344 0.365278 0.026562 0.036111
0 0.421484 0.381250 0.024219 0.031944
0 0.423047 0.435417 0.024219 0.034722
0 0.407813 0.475694 0.025000 0.040278
0 0.348047 0.427778 0.024219 0.038889
0 0.365625 0.479167 0.021875 0.036111
0 0.385156 0.542361 0.028125 0.054167
0 0.313281 0.481944 0.025000 0.030556
0 0.213281 0.504167 0.034375 0.038889
