0 0.399563 0.464652 0.0232483 0.0399335
0 0.329703 0.446985 0.0245988 0.0393907
0 0.533951 0.428602 0.0249153 0.0386683
0 0.459699 0.427243 0.0253792 0.0391614
0 0.600879 0.354321 0.0208855 0.0307579
0 0.365631 0.456549 0.0229527 0.0380178
0 0.552315 0.504977 0.0265396 0.0447345
0 0.245052 0.44499 0.0239683 0.0368904
0 0.67967 0.393717 0.0236689 0.0383536
0 0.532331 0.363526 0.0214775 0.0334242
0 0.50312 0.486367 0.0261158 0.0430179
0 0.305657 0.520227 0.0239214 0.0393384
0 0.418507 0.397901 0.0209575 0.0314372
0 0.603431 0.390875 0.0220802 0.033887
