0 0.464664 0.498211 0.0247145 0.0409292
0 0.569081 0.438197 0.0238708 0.0370899
0 0.568911 0.361642 0.0212059 0.035324
0 0.493165 0.45075 0.0229464 0.0377591
0 0.26333 0.514661 0.0255882 0.0413701
0 0.508742 0.380648 0.0217995 0.0327904
0 0.420755 0.497963 0.0249497 0.0382377
0 0.36939 0.496247 0.025073 0.0397046
0 0.592299 0.495946 0.0252168 0.0425019
0 0.41885 0.574699 0.0271674 0.0439577
0 0.654851 0.503472 0.0274841 0.0458886
0 0.601575 0.393874 0.0224746 0.0360629
0 0.673865 0.384681 0.0219534 0.0371448
0 0.42037 0.42951 0.0229303 0.0354104
