0 0.441892 0.34556 0.0226398 0.0347215
0 0.522174 0.412275 0.0280132 0.0430362
0 0.663427 0.317333 0.0252741 0.0403343
0 0.47633 0.396905 0.0261123 0.0428689
0 0.51424 0.346558 0.0233381 0.0364388
0 0.27834 0.424971 0.0268849 0.0430857
0 0.58935 0.313566 0.0254423 0.0371016
0 0.521149 0.292139 0.0220089 0.0314114
0 0.229739 0.359857 0.0241104 0.037981
0 0.345418 0.370089 0.0239104 0.0374154
0 0.405766 0.321163 0.0220789 0.0327877
0 0.310725 0.362098 0.02486 0.0384674
0 0.3785 0.377186 0.0243783 0.0381997
0 0.590588 0.281727 0.0218732 0.0267743
0 0.590134 0.286288 0.023686 0.0324372
0 0.991622 0.333348 0.0164875 0.0838854
