0 0.549953 0.40155 0.0201886 0.0351969
0 0.583101 0.226106 0.0178093 0.0319166
0 0.543902 0.495971 0.0212939 0.0392029
0 0.617222 0.322562 0.0206081 0.0355981
0 0.626519 0.262866 0.0190968 0.032474
0 0.554471 0.341918 0.0192492 0.0347519
0 0.535836 0.252006 0.0171527 0.0303537
0 0.462695 0.408564 0.0212145 0.0369817
0 0.370214 0.438774 0.0225749 0.0379148
0 0.661641 0.389619 0.0226246 0.0381872
0 0.510965 0.406414 0.0204472 0.0368011
0 0.477042 0.321549 0.0193178 0.033481
0 0.686412 0.249514 0.0198084 0.0328454
0 0.716815 0.392485 0.023349 0.0395331
