0 0.513152 0.389324 0.0249023 0.0436671
0 0.529266 0.290268 0.0223207 0.0394901
0 0.555373 0.366098 0.0238623 0.0428993
0 0.597181 0.486761 0.0289583 0.0492651
0 0.364157 0.49823 0.0256327 0.0465405
0 0.503421 0.139721 0.0197825 0.0356495
0 0.62338 0.131573 0.0203867 0.0356327
0 0.567503 0.167247 0.0195343 0.035441
0 0.458754 0.414137 0.0251482 0.0446506
0 0.587163 0.240405 0.0212781 0.0373607
0 0.43129 0.296956 0.0210384 0.0398482
0 0.668134 0.304746 0.0251111 0.0421188
0 0.46234 0.187035 0.0205138 0.0360802
0 0.725094 0.285898 0.0253436 0.0434491
