0 0.464844 0.266667 0.018750 0.036111
0 0.585547 0.329861 0.022656 0.043056
0 0.627734 0.303472 0.019531 0.031944
0 0.505078 0.231944 0.019531 0.036111
0 0.498828 0.309722 0.019531 0.033333
0 0.500000 0.394444 0.021875 0.036111
0 0.566016 0.460417 0.025781 0.043056
0 0.458984 0.353472 0.021094 0.037500
0 0.397266 0.263194 0.019531 0.034722
0 0.466406 0.418056 0.021875 0.036111
0 0.371094 0.301389 0.025000 0.036111
0 0.367969 0.380556 0.023438 0.033333
0 0.422266 0.452083 0.025781 0.037500
0 0.354687 0.536111 0.025000 0.047222
