0 0.517633 0.148608 0.0187043 0.0332281
0 0.586245 0.245936 0.0202991 0.036445
0 0.56679 0.458602 0.0263944 0.0479202
0 0.497725 0.363946 0.0245596 0.0425383
0 0.576331 0.181733 0.0203411 0.0346953
0 0.634219 0.156948 0.0195569 0.034962
0 0.540989 0.348756 0.0233904 0.0404961
0 0.656467 0.313237 0.024567 0.0428516
0 0.344835 0.435306 0.0251628 0.0451591
0 0.431326 0.274421 0.0207777 0.039131
0 0.524894 0.280366 0.0217238 0.0385735
0 0.474082 0.183828 0.0192326 0.0351891
0 0.443638 0.378265 0.0252129 0.0446437
0 0.71423 0.303521 0.0247579 0.0428676
