0 0.488521 0.383494 0.0221711 0.0387098
0 0.485196 0.232618 0.0170119 0.0311027
0 0.529252 0.205338 0.0173474 0.0308044
0 0.578601 0.292377 0.0192588 0.0329871
0 0.577465 0.236087 0.0187474 0.0320366
0 0.527137 0.374248 0.0208029 0.035311
0 0.43942 0.39037 0.0218122 0.0378752
0 0.520369 0.318181 0.0205149 0.0359333
0 0.537717 0.465068 0.0251563 0.0440199
0 0.632465 0.219816 0.0189808 0.0324065
0 0.349676 0.431005 0.0238388 0.0418632
0 0.633792 0.351681 0.0225229 0.0379303
0 0.686831 0.348057 0.0233168 0.0393396
0 0.438626 0.304756 0.0198232 0.0351611
