0 0.481164 0.368556 0.0212198 0.0388658
0 0.54021 0.192796 0.0181662 0.0324758
0 0.485342 0.468837 0.0234793 0.0424298
0 0.43685 0.509694 0.0245204 0.04373
0 0.615202 0.344688 0.0219879 0.0386112
0 0.494494 0.242181 0.0187462 0.0343809
0 0.585018 0.537566 0.0260344 0.0468738
0 0.663994 0.312058 0.022596 0.0393234
0 0.527401 0.305189 0.0203928 0.0361315
0 0.359101 0.621814 0.0260452 0.0483975
0 0.521001 0.434536 0.0227659 0.0409114
0 0.385887 0.402874 0.0225672 0.0412343
0 0.426866 0.23055 0.0192747 0.0348735
0 0.395049 0.287104 0.0193436 0.0358103
