0 0.354111 0.280228 0.0198474 0.034789
0 0.492736 0.183677 0.0181898 0.0331456
0 0.458842 0.425245 0.0229103 0.042346
0 0.413291 0.466403 0.0249132 0.044399
0 0.622223 0.26939 0.0217966 0.0391432
0 0.578731 0.30286 0.0217852 0.0386843
0 0.353139 0.38117 0.0216797 0.0401143
0 0.492102 0.390235 0.0230053 0.0399695
0 0.562649 0.470333 0.0268522 0.047168
0 0.487966 0.28102 0.0207747 0.0360186
0 0.381833 0.228742 0.0193043 0.0344565
0 0.450867 0.230188 0.0190886 0.0341079
0 0.341505 0.576188 0.0261473 0.0479246
0 0.446913 0.339974 0.0215389 0.0381934
