0 0.451244 0.423829 0.0224648 0.039133
0 0.516915 0.360304 0.0209501 0.037002
0 0.445072 0.327187 0.0204563 0.0339005
0 0.585716 0.237639 0.0174521 0.0308143
0 0.527546 0.258435 0.0192408 0.0326848
0 0.492753 0.424681 0.0224764 0.0379701
0 0.589135 0.346572 0.0211552 0.0367881
0 0.612661 0.431048 0.0234756 0.0404412
0 0.402353 0.418427 0.0216278 0.0381454
0 0.454302 0.525118 0.0236765 0.0416395
0 0.618189 0.283366 0.0187634 0.0321447
0 0.670899 0.441699 0.024332 0.0417184
0 0.303397 0.435699 0.0213517 0.0382371
0 0.687222 0.276365 0.0196874 0.0348289
