0 0.644531 0.382639 0.020313 0.037500
0 0.598047 0.393056 0.025781 0.036111
0 0.566406 0.306944 0.017188 0.033333
0 0.518359 0.325694 0.019531 0.034722
0 0.532031 0.361806 0.017188 0.029167
0 0.531250 0.480556 0.021875 0.038889
0 0.501172 0.423611 0.021094 0.036111
0 0.465625 0.312500 0.017188 0.025000
0 0.480859 0.384722 0.017969 0.036111
0 0.430469 0.337500 0.017188 0.030556
0 0.464844 0.434028 0.018750 0.031944
0 0.418359 0.446528 0.024219 0.040278
0 0.397656 0.389583 0.018750 0.029167
0 0.336328 0.490972 0.024219 0.045833
