0 0.492313 0.309393 0.0208214 0.0347556
0 0.629589 0.367686 0.0227342 0.0401319
0 0.680887 0.492739 0.0249536 0.0447728
0 0.502105 0.421061 0.0237067 0.0399202
0 0.686163 0.306676 0.0213676 0.0367838
0 0.428493 0.513102 0.0251034 0.0442013
0 0.669396 0.250422 0.020528 0.0353266
0 0.462606 0.407091 0.0221539 0.0384881
0 0.418664 0.388602 0.0200607 0.0361001
0 0.765505 0.318424 0.0213422 0.0372624
0 0.550129 0.361897 0.0214535 0.0374524
0 0.621754 0.461897 0.0239769 0.0412178
0 0.32325 0.381888 0.0218139 0.0392982
0 0.60029 0.25913 0.0200291 0.0342654
