0 0.672062 0.287581 0.0224323 0.0374558
0 0.679686 0.356134 0.0233 0.0399036
0 0.595619 0.287626 0.0214311 0.0364104
0 0.460693 0.457402 0.0245123 0.0419334
0 0.638273 0.570059 0.0269947 0.0479423
0 0.580098 0.522935 0.0244546 0.0450738
0 0.37956 0.40777 0.0218607 0.039141
0 0.607227 0.414546 0.0236574 0.0412584
0 0.363977 0.549525 0.0253733 0.0458337
0 0.472329 0.328505 0.022492 0.036439
0 0.523324 0.396638 0.022369 0.0406494
0 0.765684 0.379537 0.0239779 0.0416685
0 0.42191 0.435718 0.0239256 0.0397937
0 0.284216 0.384442 0.0239092 0.0399992
