0 0.439742 0.416749 0.0223955 0.0373054
0 0.614317 0.243896 0.0186204 0.0325111
0 0.517305 0.362329 0.0204272 0.0368003
0 0.59198 0.358435 0.0206955 0.0372011
0 0.63676 0.29691 0.0205497 0.0340669
0 0.596177 0.447381 0.0230938 0.0410984
0 0.479575 0.424691 0.0226924 0.0387271
0 0.420839 0.519606 0.0241711 0.0417143
0 0.551451 0.260137 0.0186413 0.0325424
0 0.394563 0.405992 0.02174 0.0375063
0 0.455648 0.320355 0.0203329 0.0342941
0 0.653856 0.468062 0.0238672 0.0417011
0 0.299914 0.409769 0.0207736 0.035866
0 0.710577 0.297802 0.019278 0.0355994
