0 0.488184 0.356052 0.0225313 0.0390303
0 0.639447 0.641406 0.0284101 0.0500122
0 0.79263 0.432875 0.0254121 0.0446937
0 0.70257 0.39892 0.0244591 0.0416075
0 0.35665 0.594319 0.0273155 0.0490822
0 0.291842 0.40542 0.0245563 0.0411865
0 0.42593 0.470849 0.0242914 0.0433659
0 0.582298 0.58233 0.0264116 0.047513
0 0.534425 0.434807 0.0246323 0.0409676
0 0.620187 0.317935 0.0220119 0.0379637
0 0.464011 0.497471 0.0250147 0.0427762
0 0.385437 0.436318 0.0230861 0.0412845
0 0.700858 0.321031 0.0227188 0.0382048
0 0.619883 0.461715 0.0249388 0.0437
