0 0.517388 0.323694 0.0226564 0.0386051
0 0.404684 0.396374 0.0234906 0.0414182
0 0.732556 0.389655 0.0245724 0.043683
0 0.635005 0.446299 0.0246291 0.0445501
0 0.626283 0.63374 0.0290213 0.052124
0 0.438619 0.432961 0.0248096 0.0425128
0 0.354739 0.549747 0.0274169 0.0499797
0 0.471495 0.465116 0.0255026 0.0447376
0 0.823722 0.435196 0.0264561 0.0448056
0 0.577116 0.565874 0.0264945 0.0478202
0 0.742833 0.306536 0.0235008 0.0388702
0 0.552088 0.408396 0.0241596 0.042495
0 0.319876 0.355444 0.0237896 0.0414822
0 0.658376 0.295662 0.0233896 0.0391555
