0 0.428354 0.632393 0.0293003 0.0555408
0 0.75142 0.658645 0.0302044 0.0557959
0 0.385998 0.433333 0.026425 0.0492871
0 0.504007 0.281168 0.0241077 0.0446107
0 0.489123 0.415879 0.0260008 0.0481084
0 0.372484 0.372751 0.0274823 0.0460347
0 0.548387 0.524099 0.0281759 0.0515822
0 0.436975 0.749196 0.0287157 0.0531133
0 0.245094 0.455446 0.0291509 0.0536682
0 0.745979 0.420968 0.0273497 0.0494729
0 0.680684 0.524178 0.0268908 0.0508735
0 0.660804 0.341222 0.0259052 0.0463658
0 0.361213 0.302317 0.0258986 0.0455007
0 0.308742 0.196819 0.0239226 0.0437286
