0 0.545703 0.276389 0.021094 0.044444
0 0.692969 0.302083 0.026562 0.048611
0 0.776563 0.352778 0.023438 0.041667
0 0.803906 0.531944 0.025000 0.050000
0 0.730469 0.438194 0.028125 0.048611
0 0.607031 0.456250 0.025000 0.054167
0 0.544922 0.383333 0.024219 0.050000
0 0.362109 0.240972 0.021094 0.040278
0 0.417187 0.307639 0.020313 0.040278
0 0.435156 0.364583 0.029687 0.043056
0 0.452734 0.409722 0.022656 0.044444
0 0.507812 0.555556 0.031250 0.052778
0 0.526563 0.645833 0.026562 0.047222
0 0.323437 0.443056 0.025000 0.050000
