0 0.431250 0.110417 0.025000 0.054167
0 0.616797 0.038889 0.025781 0.047222
0 0.588281 0.157639 0.023438 0.051389
0 0.551953 0.206944 0.027344 0.052778
0 0.522656 0.253472 0.026562 0.045833
0 0.700391 0.317361 0.028906 0.062500
0 0.601172 0.370833 0.030469 0.055556
0 0.431250 0.411806 0.028125 0.065278
0 0.370312 0.479167 0.031250 0.052778
0 0.573828 0.511111 0.033594 0.066667
0 0.785937 0.572917 0.029687 0.056944
0 0.668750 0.700694 0.028125 0.056944
0 0.799219 0.754167 0.034375 0.063889
0 0.626563 0.889583 0.034375 0.070833
