0 0.434103 0.544604 0.0309556 0.0571343
0 0.49714 0.272074 0.0270151 0.0477988
0 0.73054 0.889958 0.0342213 0.0691416
0 0.392747 0.654447 0.0319401 0.059967
0 0.721792 0.682829 0.0319736 0.0612409
0 0.793501 0.484832 0.0313038 0.056839
0 0.361035 0.25251 0.0276599 0.0497573
0 0.849542 0.64747 0.0334082 0.061022
0 0.587635 0.55603 0.0298368 0.0581863
0 0.581401 0.404788 0.0303741 0.056535
0 0.481866 0.335757 0.0275417 0.051247
0 0.657424 0.29047 0.0277752 0.052741
0 0.515965 0.0728467 0.0239066 0.0440185
0 0.516843 0.202069 0.0249366 0.048145
