0 0.346957 0.476679 0.0323369 0.0592747
0 0.772031 0.67844 0.0312616 0.0598833
0 0.646649 0.653109 0.0318414 0.0616809
0 0.510496 0.149973 0.0266021 0.0488464
0 0.567151 0.322504 0.0281378 0.0552024
0 0.615119 0.847492 0.035677 0.0681636
0 0.752325 0.498219 0.0296286 0.0577454
0 0.660466 0.243185 0.0283759 0.0539526
0 0.484715 0.208279 0.0282182 0.0524867
0 0.543001 0.0881351 0.0264715 0.0513959
0 0.404239 0.389804 0.0297997 0.054818
0 0.545535 0.471951 0.0299547 0.0590115
0 0.38322 0.067397 0.0277862 0.0518727
