0 0.836592 0.456079 0.0283482 0.0523338
0 0.612097 0.518168 0.0285762 0.0531482
0 0.568548 0.382613 0.0275491 0.0508231
0 0.329571 0.363335 0.0271691 0.0482485
0 0.601138 0.234383 0.0264177 0.0479963
0 0.474452 0.72603 0.0290092 0.0561873
0 0.802358 0.726485 0.0317814 0.057712
0 0.464245 0.375085 0.0275534 0.0493958
0 0.749703 0.554714 0.0288675 0.0539836
0 0.480137 0.599424 0.0288383 0.0541957
0 0.75844 0.341559 0.0269619 0.0498867
0 0.45817 0.3048 0.0253059 0.0459467
0 0.45669 0.224446 0.0250925 0.0467184
0 0.417958 0.0946632 0.025025 0.0441425
