0 0.833349 0.723779 0.0310968 0.0603607
0 0.46212 0.422361 0.0272275 0.0534044
0 0.597602 0.174039 0.0249674 0.0480649
0 0.601477 0.510725 0.0297743 0.0592658
0 0.705736 0.68757 0.0316834 0.0607461
0 0.622205 0.378006 0.0282407 0.054354
0 0.676543 0.867598 0.0335199 0.0656002
0 0.566747 0.223404 0.0249897 0.0478311
0 0.445768 0.142285 0.0248119 0.0470117
0 0.405971 0.494741 0.030486 0.0584409
0 0.809169 0.554517 0.028809 0.0565296
0 0.541876 0.269547 0.0257534 0.0474171
0 0.71352 0.317254 0.0270672 0.051475
0 0.618989 0.0630235 0.0224882 0.044938
