0 0.622045 0.866747 0.0324245 0.0612522
0 0.621693 0.665251 0.0300354 0.0545529
0 0.362858 0.516096 0.028684 0.0528592
0 0.408984 0.284025 0.0293803 0.0532241
0 0.324595 0.634194 0.0299905 0.0546099
0 0.42329 0.207261 0.0271953 0.0499987
0 0.504201 0.367939 0.0280184 0.0541677
0 0.286715 0.175598 0.0291854 0.0529951
0 0.443832 0.123969 0.0274828 0.0532475
0 0.732815 0.631604 0.0295691 0.056859
0 0.506227 0.531835 0.0289457 0.0546281
0 0.694047 0.462793 0.0279908 0.0540132
0 0.57836 0.240784 0.0278687 0.0549698
