0 0.471154 0.318414 0.0267303 0.0490181
0 0.464983 0.388271 0.0263647 0.0482638
0 0.730086 0.651379 0.0308899 0.0598514
0 0.759206 0.851023 0.0338897 0.0649987
0 0.417555 0.738556 0.0295895 0.0567951
0 0.626069 0.280735 0.0274872 0.0509588
0 0.338591 0.345706 0.0263061 0.0486181
0 0.589902 0.571523 0.0293076 0.0567108
0 0.776087 0.429662 0.0298945 0.0554857
0 0.443226 0.615311 0.0285717 0.0545048
0 0.566546 0.422953 0.0290403 0.0522627
0 0.844686 0.573533 0.0311504 0.057458
0 0.482115 0.240087 0.0270963 0.0494129
0 0.464903 0.10495 0.02288 0.0428416
