0 0.445364 0.497119 0.0247119 0.0423347
0 0.325316 0.55299 0.0255189 0.0427863
0 0.769156 0.666784 0.0251883 0.0437974
0 0.681196 0.328503 0.0234716 0.0417584
0 0.759125 0.405882 0.0237717 0.0420494
0 0.532663 0.286184 0.0241667 0.0410524
0 0.533785 0.455842 0.024155 0.042563
0 0.505678 0.70499 0.0250956 0.0446543
0 0.403975 0.343009 0.0230738 0.0413474
0 0.594729 0.567387 0.0253428 0.0449341
0 0.707588 0.538642 0.0242865 0.0434858
0 0.526184 0.819198 0.0270752 0.0466846
0 0.334718 0.215935 0.0234085 0.0428146
0 0.424391 0.428248 0.0229432 0.0396155
