0 0.700686 0.608634 0.0316893 0.0551416
0 0.348874 0.434261 0.0302912 0.0500967
0 0.486849 0.482206 0.0291698 0.0506092
0 0.323713 0.318803 0.0293847 0.0497809
0 0.766242 0.777657 0.0286985 0.0528368
0 0.558216 0.63161 0.0271572 0.0494546
0 0.684487 0.32178 0.0311346 0.0533168
0 0.22405 0.58692 0.029337 0.0492421
0 0.373147 0.527408 0.0271323 0.0483551
0 0.492616 0.250546 0.0288187 0.0502594
0 0.441199 0.794347 0.0255112 0.047111
0 0.236861 0.134231 0.0275067 0.0461865
0 0.779904 0.438974 0.0291339 0.0528765
