0 0.253125 0.582639 0.020313 0.040278
0 0.366016 0.442361 0.025781 0.037500
0 0.325781 0.381944 0.023438 0.041667
0 0.282031 0.297917 0.023438 0.037500
0 0.173828 0.198611 0.021094 0.041667
0 0.407422 0.138194 0.022656 0.043056
0 0.450000 0.338889 0.025000 0.044444
0 0.473047 0.618750 0.021094 0.040278
0 0.515234 0.718750 0.024219 0.043056
0 0.537500 0.417361 0.025000 0.043056
0 0.648438 0.311806 0.025000 0.045833
0 0.735156 0.408333 0.021875 0.041667
0 0.680078 0.120833 0.024219 0.044444
0 0.581250 0.082639 0.023438 0.043056
