0 0.50163 0.389478 0.025001 0.0460814
0 0.407555 0.385829 0.0229492 0.0412487
0 0.700423 0.701194 0.0278216 0.0506417
0 0.393192 0.224038 0.0230796 0.0411207
0 0.39986 0.312199 0.0223157 0.0415359
0 0.527256 0.229546 0.0240348 0.0420771
0 0.543706 0.523486 0.0249912 0.0475169
0 0.432781 0.610376 0.0239386 0.0462855
0 0.731461 0.446546 0.0255229 0.0449544
0 0.433319 0.729381 0.0245028 0.0469666
0 0.658688 0.548752 0.0249904 0.0464456
0 0.667171 0.336337 0.0247911 0.0443298
0 0.283159 0.382689 0.0243423 0.0443138
0 0.348107 0.0752556 0.0222321 0.040024
