0 0.452098 0.212689 0.0297417 0.0513719
0 0.590006 0.514263 0.0246076 0.0478407
0 0.362491 0.474992 0.0230538 0.0449587
0 0.316693 0.387221 0.0286981 0.0498369
0 0.805594 0.505065 0.0286942 0.0502452
0 0.712648 0.399972 0.0265563 0.0497252
0 0.641708 0.147836 0.0268421 0.0495457
0 0.752233 0.19223 0.0286839 0.0508422
0 0.497609 0.428487 0.026096 0.0480955
0 0.405376 0.539881 0.0251541 0.049802
0 0.288618 0.690736 0.0242067 0.0482412
0 0.522196 0.726146 0.0259505 0.0502516
0 0.567215 0.83043 0.0270708 0.0543328
0 0.195383 0.277254 0.0284223 0.0496931
0 0.199974 0.275023 0.0282262 0.0513662
