0 0.266719 0.535903 0.034343 0.0638496
0 0.404226 0.889575 0.0353932 0.0620527
0 0.560536 0.115775 0.0315947 0.0559017
0 0.407545 0.615344 0.033489 0.0624558
0 0.716775 0.281696 0.0295736 0.0522152
0 0.644994 0.455829 0.0298986 0.0526978
0 0.527059 0.403295 0.0266457 0.0519725
0 0.951142 0.46791 0.0249741 0.0524383
0 0.731432 0.671691 0.0281813 0.0518237
0 0.770504 0.33542 0.0276257 0.0501723
0 0.537598 0.866519 0.0349252 0.0590176
0 0.829611 0.411398 0.0294743 0.0538258
0 0.80158 0.0761611 0.0294704 0.0572591
