0 0.914225 0.783096 0.0520069 0.0944361
0 0.332686 0.369479 0.0398129 0.0682454
0 0.257682 0.636602 0.0449625 0.0817049
0 0.171066 0.492284 0.043641 0.0758337
0 0.854093 0.619125 0.0480293 0.0842041
0 0.567426 0.807776 0.0492519 0.0934221
0 0.702872 0.277682 0.0378122 0.0658872
0 0.803365 0.509382 0.0438701 0.0790378
0 0.611149 0.524071 0.042084 0.0776792
0 0.525227 0.376251 0.0399533 0.0710654
0 0.682585 0.190455 0.0359259 0.0604257
0 0.298968 0.246977 0.0381309 0.0644758
0 0.12258 0.932164 0.0568632 0.121174
