0 0.968028 0.575545 0.0477442 0.0826072
0 0.427176 0.825969 0.0503275 0.0933668
0 0.735208 0.678934 0.0470083 0.0858547
0 0.769674 0.85902 0.0546903 0.0973614
0 0.160742 0.607535 0.0470594 0.0799979
0 0.269787 0.352483 0.0432073 0.0721537
0 0.514438 0.547001 0.0431006 0.0776206
0 0.102998 0.455596 0.0479364 0.0766868
0 0.63789 0.213108 0.0379833 0.0631042
0 0.642733 0.306046 0.0387589 0.0679116
0 0.454644 0.383761 0.0447699 0.0737808
0 0.705235 0.559673 0.0458571 0.0795488
0 0.257634 0.223806 0.0395348 0.0655403
