0 0.0303161 0.481653 0.050982 0.0839589
0 0.404072 0.955884 0.054051 0.0826152
0 0.143868 0.942795 0.0585427 0.102485
0 0.216243 0.597938 0.0497147 0.0871321
0 0.742316 0.778954 0.0480886 0.0838201
0 0.418731 0.437429 0.0425427 0.0717868
0 0.682884 0.389881 0.038467 0.0644845
0 0.589428 0.517371 0.0425217 0.0727822
0 0.400742 0.159495 0.0354791 0.0597824
0 0.776318 0.261189 0.0336087 0.0564122
0 0.861603 0.528367 0.038903 0.0683843
0 0.761921 0.448228 0.0387197 0.0657155
0 0.478409 0.237233 0.0368942 0.0613859
