0 0.718751 0.934022 0.0524204 0.0956963
0 0.382827 0.872768 0.0488576 0.0924152
0 0.694259 0.738254 0.04586 0.0841158
0 0.130498 0.615419 0.0474349 0.0794554
0 0.430721 0.38893 0.0427708 0.0716153
0 0.931967 0.643234 0.0468914 0.0828044
0 0.6706 0.604897 0.0430954 0.0791221
0 0.481714 0.575502 0.0423852 0.0769608
0 0.245369 0.338449 0.0452819 0.0739208
0 0.076457 0.440177 0.0452437 0.0743798
0 0.622841 0.208827 0.0360621 0.0625366
0 0.622588 0.314697 0.0383854 0.0666191
0 0.239119 0.193318 0.0401175 0.066542
