0 0.100232 0.557372 0.0520232 0.0905377
0 0.298196 0.662016 0.0518112 0.0928657
0 0.680346 0.653395 0.0493332 0.0876907
0 0.122036 0.212046 0.0430561 0.070956
0 0.595346 0.382949 0.0430768 0.0742173
0 0.905067 0.486329 0.0449823 0.0752051
0 0.235018 0.336797 0.0436563 0.0770558
0 0.810664 0.379684 0.0415468 0.0702584
0 0.564949 0.1264 0.0354649 0.0598931
0 0.450314 0.270987 0.0390491 0.0695797
0 0.737751 0.305129 0.0397718 0.0681127
0 0.510924 0.0475073 0.0333378 0.0573871
0 0.891344 0.219277 0.0382748 0.0635686
