0 0.190625 0.586806 0.040625 0.070833
0 0.336328 0.655556 0.041406 0.069444
0 0.466797 0.424306 0.038281 0.062500
0 0.603906 0.463889 0.035937 0.061111
0 0.680078 0.273611 0.036719 0.061111
0 0.748047 0.324306 0.039844 0.062500
0 0.824609 0.388889 0.039844 0.061111
0 0.772266 0.038889 0.032031 0.052778
0 0.980469 0.440972 0.035937 0.068056
0 0.497656 0.131944 0.034375 0.058333
0 0.420703 0.042361 0.046094 0.065278
0 0.715625 0.690278 0.039062 0.072222
0 0.492188 0.922222 0.043750 0.075000
0 0.336719 0.957639 0.043750 0.070833
