0 0.188672 0.350000 0.019531 0.041667
0 0.277344 0.441667 0.021875 0.041667
0 0.308594 0.513194 0.023438 0.040278
0 0.203516 0.697222 0.024219 0.044444
0 0.341797 0.575000 0.024219 0.044444
0 0.417187 0.323611 0.021875 0.038889
0 0.440625 0.488194 0.026562 0.045833
0 0.585547 0.297917 0.024219 0.043056
0 0.683984 0.336111 0.025781 0.044444
0 0.650000 0.486806 0.026562 0.043056
0 0.747266 0.587500 0.027344 0.050000
0 0.526563 0.570833 0.026562 0.041667
0 0.439844 0.769444 0.025000 0.052778
0 0.480469 0.890278 0.031250 0.052778
