0 0.493227 0.433485 0.0281345 0.0494553
0 0.319706 0.432517 0.0276183 0.0450714
0 0.393311 0.187966 0.0284786 0.0460143
0 0.445759 0.729505 0.0309994 0.0522675
0 0.289852 0.374135 0.0255466 0.0427999
0 0.648053 0.199103 0.0261141 0.0433029
0 0.191684 0.545528 0.0275388 0.0474946
0 0.408307 0.617397 0.0273417 0.0496423
0 0.413574 0.352684 0.027702 0.0481623
0 0.25979 0.300261 0.0271039 0.0434382
0 0.696845 0.450965 0.0289967 0.0481025
0 0.175766 0.210899 0.0267885 0.0448503
0 0.61052 0.352378 0.0266737 0.0468214
0 0.555944 0.160128 0.0272182 0.0438917
