0 0.343876 0.500324 0.0264203 0.0442495
0 0.476425 0.876982 0.0299024 0.0539551
0 0.748332 0.626549 0.0281707 0.0505784
0 0.663242 0.517082 0.0273344 0.0481323
0 0.236984 0.656265 0.028517 0.0484626
0 0.614957 0.323998 0.0261562 0.0447557
0 0.447476 0.75555 0.0280058 0.049481
0 0.706926 0.370471 0.0254817 0.0448666
0 0.453301 0.332866 0.0256357 0.0441767
0 0.368996 0.559565 0.026368 0.0440928
0 0.465498 0.491027 0.027302 0.04717
0 0.54106 0.580072 0.0259225 0.0472902
0 0.318764 0.426719 0.0257899 0.0434909
0 0.24461 0.333169 0.0254031 0.04254
