0 0.175391 0.529861 0.024219 0.040278
0 0.296094 0.548611 0.023438 0.047222
0 0.353125 0.588194 0.025000 0.045833
0 0.398438 0.618056 0.021875 0.041667
0 0.305469 0.809028 0.026562 0.048611
0 0.544141 0.706944 0.024219 0.041667
0 0.614062 0.774306 0.025000 0.048611
0 0.560156 0.508333 0.028125 0.047222
0 0.461328 0.491667 0.022656 0.041667
0 0.392969 0.377778 0.021875 0.041667
0 0.527734 0.275000 0.024219 0.041667
0 0.616016 0.257639 0.022656 0.040278
0 0.630859 0.386111 0.024219 0.044444
0 0.726562 0.408333 0.021875 0.041667
