0 0.337692 0.831458 0.0319166 0.0579966
0 0.354796 0.454489 0.024944 0.0443152
0 0.650954 0.688112 0.0293953 0.0510501
0 0.544956 0.503221 0.0246061 0.0439431
0 0.348671 0.629717 0.0288589 0.0491667
0 0.405532 0.637202 0.0279634 0.0512691
0 0.58766 0.39684 0.0239728 0.0414149
0 0.571249 0.659392 0.0281067 0.0507446
0 0.281741 0.615526 0.0280298 0.048473
0 0.548801 0.315602 0.022069 0.0396587
0 0.446653 0.52019 0.025494 0.0445571
0 0.678682 0.390818 0.0245112 0.0428474
0 0.471273 0.345923 0.0230677 0.0400591
0 0.141959 0.640938 0.0299947 0.0509472
