0 0.719722 0.631674 0.0217012 0.0381968
0 0.511401 0.633488 0.0204735 0.0354084
0 0.720601 0.725018 0.0247559 0.0436954
0 0.554713 0.673317 0.0219641 0.0392361
0 0.417298 0.59291 0.019346 0.0333164
0 0.663602 0.672288 0.0223061 0.0396264
0 0.428031 0.640339 0.0210733 0.0358539
0 0.317851 0.651152 0.0218445 0.0400448
0 0.381722 0.558776 0.0166545 0.0309704
0 0.452492 0.712782 0.0221664 0.0396868
0 0.454316 0.760118 0.0238503 0.0453564
0 0.653256 0.603629 0.02131 0.0363856
0 0.527978 0.583802 0.02015 0.032357
0 0.421637 0.625065 0.0209929 0.0317327
