0 0.605542 0.528849 0.021253 0.0369248
0 0.324204 0.644292 0.0267824 0.0468914
0 0.501906 0.692008 0.0284437 0.0506429
0 0.244921 0.731303 0.0303926 0.052094
0 0.568311 0.720999 0.0308478 0.0529819
0 0.367373 0.655422 0.0272492 0.046889
0 0.707813 0.58081 0.0262291 0.0440106
0 0.534549 0.614553 0.0253653 0.0444224
0 0.524722 0.534243 0.0220539 0.0380836
0 0.278039 0.62818 0.0255394 0.0434584
0 0.442022 0.607547 0.0241213 0.0405819
0 0.171805 0.62227 0.0275122 0.0461929
0 0.390218 0.569713 0.0240924 0.0388642
0 0.614664 0.571243 0.024684 0.0414337
