0 0.618436 0.648459 0.0265108 0.0449788
0 0.635275 0.596578 0.0258348 0.0407257
0 0.714999 0.676724 0.0290682 0.0493598
0 0.29133 0.692653 0.0256289 0.045099
0 0.175694 0.646749 0.0257907 0.0426136
0 0.54668 0.592433 0.0242434 0.0391781
0 0.323805 0.712636 0.0280865 0.0491621
0 0.421091 0.669798 0.0262665 0.0444088
0 0.508181 0.691537 0.027104 0.0474331
0 0.476124 0.825909 0.0330173 0.0573573
0 0.259837 0.668249 0.0244423 0.0432881
0 0.428202 0.778178 0.0292319 0.051042
0 0.172742 0.778401 0.0297272 0.0534217
0 0.395336 0.614418 0.0243841 0.0377842
