0 0.480469 0.536111 0.021875 0.041667
0 0.553516 0.525000 0.016406 0.033333
0 0.667578 0.565972 0.022656 0.040278
0 0.580469 0.565278 0.025000 0.041667
0 0.603516 0.706944 0.022656 0.047222
0 0.527344 0.611111 0.026562 0.041667
0 0.530078 0.688194 0.027344 0.051389
0 0.434766 0.611806 0.025781 0.040278
0 0.360938 0.579167 0.026562 0.036111
0 0.378125 0.667361 0.031250 0.051389
0 0.328906 0.662500 0.029687 0.058333
0 0.270703 0.650000 0.025781 0.044444
0 0.287500 0.755556 0.032813 0.055556
0 0.145313 0.654167 0.029687 0.052778
