0 0.263281 0.322917 0.028125 0.048611
0 0.350391 0.187500 0.019531 0.038889
0 0.381641 0.519444 0.028906 0.055556
0 0.391016 0.449306 0.030469 0.056944
0 0.379297 0.330556 0.025781 0.041667
0 0.380469 0.247222 0.020313 0.033333
0 0.380078 0.288889 0.025781 0.033333
0 0.505078 0.250694 0.021094 0.037500
0 0.473047 0.328472 0.024219 0.045833
0 0.509766 0.398611 0.024219 0.044444
0 0.636719 0.300694 0.025000 0.043056
0 0.630859 0.411806 0.028906 0.054167
0 0.706250 0.356944 0.026562 0.047222
0 0.678125 0.505556 0.029687 0.063889
