0 0.108594 0.386111 0.043750 0.072222
0 0.344141 0.343750 0.036719 0.070833
0 0.317969 0.250694 0.034375 0.062500
0 0.301953 0.156250 0.038281 0.065278
0 0.219922 0.025000 0.036719 0.047222
0 0.520312 0.120139 0.032813 0.056944
0 0.509766 0.310417 0.035156 0.065278
0 0.620703 0.473611 0.042969 0.075000
0 0.426953 0.656944 0.046094 0.077778
0 0.451953 0.878472 0.050781 0.093056
0 0.834766 0.461806 0.042969 0.076389
0 0.767188 0.195139 0.037500 0.062500
0 0.910937 0.302083 0.040625 0.065278
0 0.978516 0.681944 0.042969 0.088889
