0 0.581499 0.532873 0.0216908 0.0392183
0 0.751761 0.503332 0.0230434 0.0384225
0 0.733322 0.598595 0.0266143 0.0470495
0 0.479558 0.563942 0.0214874 0.0374948
0 0.547242 0.488683 0.0197893 0.0361957
0 0.475166 0.611353 0.0248247 0.0437463
0 0.688113 0.541295 0.0230228 0.0400218
0 0.36734 0.493243 0.0215433 0.0392442
0 0.690478 0.469561 0.0215209 0.0369441
0 0.571942 0.440529 0.0195199 0.0334863
0 0.437932 0.405676 0.0169861 0.0337742
0 0.464401 0.444803 0.0195959 0.0316057
0 0.468665 0.488669 0.0206892 0.0362832
