0 0.413647 0.658829 0.0300322 0.0595203
0 0.465359 0.580455 0.0316912 0.0542948
0 0.395199 0.604284 0.0269868 0.0552334
0 0.445907 0.643383 0.0283148 0.05643
0 0.408791 0.549699 0.0294827 0.0491199
0 0.369468 0.531354 0.028254 0.0449819
0 0.395067 0.494227 0.0300507 0.0495992
0 0.442617 0.538801 0.0294918 0.0501351
0 0.367554 0.582356 0.0264024 0.049491
0 0.42887 0.597073 0.0277759 0.0468118
0 0.458252 0.573567 0.0346472 0.0588359
0 0.38879 0.511119 0.0266487 0.0344232
0 0.36888 0.591029 0.0310036 0.0594538
