0 0.601412 0.55365 0.0226038 0.039407
0 0.553809 0.529138 0.0218294 0.038562
0 0.62195 0.537142 0.0216349 0.0404984
0 0.594629 0.483539 0.0217615 0.0295047
0 0.54157 0.505218 0.0186277 0.0291707
0 0.619424 0.49958 0.0186909 0.0322379
0 0.550416 0.479637 0.0232574 0.0341025
0 0.577208 0.535272 0.0203575 0.0402244
0 0.573446 0.5002 0.0188382 0.0311881
0 0.59783 0.488504 0.0248581 0.029854
0 0.597426 0.482664 0.0252121 0.0251867
0 0.548052 0.490783 0.0251272 0.0378492
0 0.5748 0.504511 0.0203097 0.0278392
