0 0.67359 0.612992 0.0319622 0.0551298
0 0.629704 0.703139 0.0308603 0.0578805
0 0.582682 0.693587 0.0319769 0.0585812
0 0.635626 0.636109 0.0289136 0.0451814
0 0.641569 0.59213 0.0301396 0.0415867
0 0.60863 0.601098 0.0294195 0.0366765
0 0.655571 0.672215 0.0248743 0.0488874
0 0.56046 0.661147 0.0252845 0.0474958
0 0.568677 0.670263 0.0354944 0.0598787
0 0.603933 0.645459 0.0299997 0.0438955
0 0.608524 0.656645 0.0244877 0.0366947
0 0.597011 0.632314 0.0285011 0.0377074
0 0.600314 0.627717 0.0316211 0.0362566
