0 0.612324 0.54332 0.0212351 0.0340934
0 0.608493 0.637697 0.0241699 0.0464786
0 0.643795 0.625609 0.0271461 0.0503889
0 0.583227 0.617265 0.0250687 0.0480272
0 0.641549 0.547256 0.0228632 0.0385303
0 0.648189 0.595098 0.0254492 0.0438666
0 0.590598 0.562667 0.0263205 0.0425325
0 0.625183 0.571247 0.0231717 0.0287481
0 0.649252 0.59089 0.0205093 0.035802
0 0.616277 0.602343 0.026285 0.0297879
0 0.597726 0.58278 0.0234135 0.0383818
0 0.592534 0.572845 0.0306585 0.0405153
0 0.606262 0.589677 0.0238069 0.0341307
0 0.647725 0.586736 0.0234388 0.0310593
0 0.645967 0.614285 0.029958 0.0746565
