0 0.440434 0.557271 0.0291848 0.0513962
0 0.544718 0.484934 0.0331358 0.0585068
0 0.509246 0.542376 0.0279106 0.0503133
0 0.516142 0.460372 0.0266024 0.0365758
0 0.480132 0.569607 0.030559 0.0565659
0 0.483677 0.466802 0.0298388 0.0340381
0 0.429314 0.518235 0.030816 0.0390054
0 0.502357 0.499287 0.0254206 0.0363733
0 0.464985 0.491833 0.0265152 0.0342181
0 0.468772 0.525226 0.0271363 0.0372266
0 0.436863 0.553602 0.0329579 0.0604978
0 0.433145 0.528711 0.0343859 0.0614223
0 0.470693 0.482464 0.0329758 0.0389509
0 0.466856 0.51492 0.0275961 0.0449443
