0 0.515666 0.168524 0.118198 0.217232
0 0.216973 0.532713 0.122912 0.209439
0 0.477222 0.433741 0.116967 0.198869
0 0.516097 0.66236 0.124201 0.22979
0 0.34396 0.381954 0.110234 0.203959
0 0.418244 0.826071 0.123386 0.23078
0 0.395458 0.192349 0.115607 0.19849
0 0.361315 0.598155 0.117377 0.204074
0 0.623934 0.289676 0.11431 0.211024
0 0.258541 0.744591 0.119589 0.211949
0 0.34351 0.404123 0.0982221 0.160097
0 0.354906 0.628591 0.0885925 0.146676
0 0.628107 0.309281 0.102043 0.163838
0 0.516407 0.195348 0.094556 0.156943
0 0.516458 0.690913 0.103521 0.1635
0 0.230987 0.543897 0.0888004 0.170899
