0 0.608727 0.314083 0.0232019 0.0414832
0 0.298425 0.520258 0.02671 0.044045
0 0.348703 0.375156 0.0239585 0.0407071
0 0.587888 0.412294 0.0250738 0.043502
0 0.938404 0.674291 0.0350098 0.060855
0 0.866567 0.369964 0.0313997 0.0506118
0 0.831768 0.475419 0.0326666 0.0542658
0 0.594292 0.24908 0.022043 0.038221
0 0.467253 0.358366 0.0243345 0.0409202
0 0.458493 0.457331 0.0250626 0.0430581
0 0.483782 0.245591 0.0211563 0.0376282
0 0.595304 0.474321 0.0274429 0.0475427
0 0.32024 0.444822 0.024627 0.0418437
