0 0.320222 0.499273 0.025408 0.0430271
0 0.500505 0.277941 0.0232274 0.0392852
0 0.574715 0.42365 0.0286054 0.0485394
0 0.390931 0.315867 0.0235782 0.0397265
0 0.351515 0.662697 0.0271362 0.047835
0 0.772371 0.283999 0.0281649 0.0445574
0 0.934522 0.484959 0.0318085 0.0502403
0 0.481079 0.519835 0.0255371 0.0444816
0 0.612298 0.472 0.0294525 0.046307
0 0.545931 0.329633 0.0271496 0.0424143
0 0.330432 0.581586 0.0264688 0.0447749
0 0.791359 0.378841 0.0300043 0.0507918
0 0.434606 0.426773 0.0240839 0.043069
0 0.00679893 0.507585 0.0129204 0.0256302
