0 0.313634 0.608531 0.0252747 0.0434313
0 0.315145 0.445663 0.0232463 0.0406845
0 0.567124 0.409267 0.0242592 0.0417156
0 0.928218 0.539219 0.0307476 0.0523912
0 0.55716 0.310084 0.0242041 0.0413049
0 0.309333 0.525698 0.0249036 0.0411719
0 0.593654 0.46683 0.0273666 0.0470024
0 0.79594 0.399888 0.0300528 0.0484628
0 0.458215 0.492439 0.0245794 0.0441066
0 0.523418 0.251242 0.0225228 0.0386221
0 0.412221 0.274759 0.0234863 0.0388498
0 0.79546 0.298224 0.0304793 0.0484283
0 0.432985 0.391432 0.0216474 0.0395297
0 0.559619 0.315132 0.0276135 0.0505512
