0 0.343869 0.326671 0.0244157 0.0408563
0 0.827995 0.522199 0.0339924 0.0582991
0 0.573018 0.477505 0.0274305 0.0462692
0 0.576324 0.405361 0.0269039 0.0473267
0 0.270032 0.477073 0.0278546 0.0452844
0 0.616352 0.296011 0.0245708 0.0403038
0 0.912177 0.782588 0.0394081 0.0675466
0 0.303789 0.397712 0.0246078 0.0434518
0 0.886799 0.402583 0.0322592 0.0523621
0 0.437078 0.43549 0.0256361 0.0453314
0 0.462965 0.323511 0.024667 0.0412539
0 0.499667 0.201387 0.0214544 0.0386895
0 0.613131 0.219885 0.0227936 0.0406651
