0 0.325015 0.330388 0.0265064 0.0433283
0 0.880015 0.823338 0.0427677 0.0727051
0 0.829758 0.526249 0.0351339 0.0606639
0 0.641662 0.253464 0.0250183 0.0419259
0 0.574755 0.445365 0.0280521 0.0499763
0 0.370424 0.257378 0.0237445 0.0409769
0 0.587382 0.365472 0.0265553 0.0477598
0 0.447006 0.38462 0.0267755 0.0469745
0 0.648377 0.169808 0.0236837 0.0411014
0 0.90875 0.399319 0.0327045 0.054058
0 0.285112 0.408002 0.0268382 0.0448032
0 0.485822 0.26718 0.0233396 0.042656
0 0.535924 0.138058 0.023995 0.0416383
