0 0.403873 0.556091 0.022509 0.0374546
0 0.317186 0.221027 0.0209207 0.0346493
0 0.292387 0.598338 0.0219355 0.0359505
0 0.424301 0.267099 0.0208288 0.0361999
0 0.43107 0.394771 0.021739 0.0359468
0 0.636538 0.555497 0.0245552 0.0403524
0 0.588339 0.703152 0.0224973 0.0389313
0 0.404619 0.653476 0.0208184 0.0367436
0 0.191034 0.431572 0.0220324 0.035407
0 0.158293 0.657662 0.0216921 0.0380634
0 0.62593 0.964145 0.0249107 0.0387143
0 0.300621 0.432267 0.0219872 0.0364314
0 0.170502 0.544919 0.0230574 0.0360953
