0 0.491768 0.534324 0.023015 0.0385615
0 0.508284 0.629849 0.0229782 0.040093
0 0.467618 0.233877 0.0223227 0.0385638
0 0.494322 0.361114 0.0258223 0.0402732
0 0.254593 0.620473 0.0227143 0.0379976
0 0.350481 0.230058 0.0223567 0.0372491
0 0.77453 0.84308 0.0220291 0.0405367
0 0.725788 0.434406 0.0251696 0.0426118
0 0.699871 0.602822 0.023642 0.0414905
0 0.367899 0.45254 0.0250981 0.0389971
0 0.257558 0.497945 0.0236233 0.0387081
0 0.38685 0.62252 0.0219617 0.0377835
0 0.26106 0.737712 0.0225161 0.0388185
