0 0.404353 0.789961 0.0236826 0.0446569
0 0.497746 0.349195 0.0227327 0.0396452
0 0.409259 0.118587 0.0181694 0.0320753
0 0.454435 0.39025 0.0223286 0.0387097
0 0.35984 0.151518 0.0201958 0.0349331
0 0.433429 0.252163 0.0203461 0.0361986
0 0.507397 0.191032 0.0189649 0.0335689
0 0.640694 0.248284 0.020628 0.0390965
0 0.584572 0.309908 0.0216377 0.0380222
0 0.614503 0.623413 0.0219441 0.0394491
0 0.515091 0.625021 0.022313 0.040391
0 0.463491 0.094003 0.0181136 0.0341308
0 0.608653 0.12189 0.0188206 0.0338442
