0 0.427353 0.545637 0.0324942 0.059721
0 0.940502 0.21534 0.0296741 0.0521672
0 0.661465 0.113689 0.0237976 0.0436682
0 0.783246 0.550033 0.0354223 0.0582792
0 0.63636 0.473699 0.0322363 0.0535739
0 0.927686 0.0974404 0.0270428 0.0477497
0 0.641689 0.230078 0.0286263 0.048939
0 0.711064 0.219168 0.0272454 0.0489368
0 0.842612 0.233581 0.0295307 0.0506026
0 0.772089 0.103767 0.0256117 0.0431922
0 0.745981 0.0168635 0.0252672 0.033727
0 0.608295 0.0159291 0.0249613 0.0318582
0 0.6743 0.0148456 0.0237459 0.0296913
