0 0.522346 0.418465 0.0287689 0.0481378
0 0.901265 0.952795 0.0483294 0.078594
0 0.319335 0.586485 0.0301603 0.0522495
0 0.776055 0.649905 0.0367123 0.0650315
0 0.113301 0.650577 0.0320672 0.056596
0 0.349788 0.457783 0.0279556 0.048749
0 0.482397 0.622771 0.031424 0.0550215
0 0.157534 0.554845 0.0292256 0.0509519
0 0.51621 0.339472 0.0236803 0.0416544
0 0.827193 0.511731 0.0313044 0.0544149
0 0.482931 0.539108 0.0302584 0.0524817
0 0.388496 0.324875 0.0242983 0.0421867
0 0.207219 0.469092 0.0270382 0.0456456
